1.5480780601501465
2.1973466873168945
1.6671662330627441
1.257106900215149
0.7472435235977173
1.0904735326766968
0.6905747652053833
1.0407754182815552
0.7499222755432129
1.1530416011810303
0.3931790292263031
1.463557481765747
0.7442704439163208
0.9034062027931213
0.5546097755432129
0.5597072243690491
0.5053174495697021
0.5808606147766113
0.8191480040550232
0.3757766783237457
0.6494463682174683
0.3803926706314087
0.6669176816940308
0.6392399072647095
0.48311835527420044
0.725895881652832
0.3790814280509949
0.6288689970970154
0.410445898771286
0.458342969417572
0.7184917330741882
0.7420313954353333
0.5924891233444214
0.3427189290523529
0.6465952396392822
0.2820531725883484
0.4675351083278656
0.5132869482040405
0.29627692699432373
0.6711472868919373
0.2832091152667999
0.5713517069816589
0.33940285444259644
0.5458162426948547
0.28290754556655884
0.3529142439365387
0.6474080085754395
0.3258688449859619
0.6322619318962097
0.4337501525878906
0.3433470129966736
0.2191263884305954
0.4140104651451111
