2.640000104904175
27.268413543701172
18.31031608581543
75.25597381591797
72.38568115234375
42.61611557006836
45.80855941772461
27.462305068969727
25.039661407470703
58.941123962402344
33.864959716796875
14.161928176879883
37.010353088378906
19.248197555541992
17.294031143188477
50.37706756591797
18.466472625732422
18.950593948364258
77.8807373046875
30.130125045776367
18.844560623168945
29.271724700927734
14.362048149108887
14.997686386108398
31.354454040527344
9.31649112701416
15.6568021774292
31.61411476135254
8.035179138183594
13.984786033630371
35.43624496459961
13.867128372192383
12.736818313598633
32.00902557373047
16.4417724609375
12.722421646118164
30.837663650512695
9.74859619140625
17.304431915283203
37.49699783325195
11.75984001159668
19.87343978881836
21.522912979125977
29.029850006103516
14.480854034423828
24.44546890258789
16.593917846679688
16.871240615844727
30.050220489501953
12.140938758850098
16.491058349609375
17.62389373779297
12.14063835144043
