2.640000104904175
67.22354888916016
67.22354888916016
25.952009201049805
25.581771850585938
36.646095275878906
31.395423889160156
29.198469161987305
36.44338607788086
47.90849685668945
43.16189193725586
412.08837890625
412.08837890625
251.3180389404297
253.4315185546875
422.7498474121094
383.7001037597656
179.949951171875
771.783447265625
292.3704833984375
274.144287109375
814.2296142578125
309.27557373046875
273.3998718261719
731.95458984375
731.95458984375
233.12356567382812
119.58651733398438
362.4262390136719
161.09732055664062
86.10035705566406
365.0625305175781
84.32737731933594
55.24694061279297
339.2512512207031
80.9295425415039
46.215309143066406
315.4541015625
73.63689422607422
50.139129638671875
251.58172607421875
75.02448272705078
57.71014404296875
140.63946533203125
140.63946533203125
26.5343017578125
22.876853942871094
119.01605224609375
41.0328254699707
21.055461883544922
106.81824493408203
55.50525665283203
23.920103073120117
8.428080558776855
