1.5082323551177979
2.1457438468933105
1.5898728370666504
1.2358072996139526
0.7234459519386292
1.0533273220062256
0.6691226363182068
1.0245901346206665
0.7341792583465576
1.1284520626068115
0.37928837537765503
1.4136568307876587
0.7195092439651489
0.8806588053703308
0.5485184192657471
0.5412783622741699
0.49711307883262634
0.5883000493049622
0.803109884262085
0.36382555961608887
0.6336793303489685
0.36802661418914795
0.6574734449386597
0.6052852869033813
0.4698389768600464
0.7112506031990051
0.36981359124183655
0.6097594499588013
0.41299891471862793
0.46123412251472473
0.6968514919281006
0.7216882705688477
0.5674784183502197
0.33511778712272644
0.6305645108222961
0.2760831415653229
0.45796823501586914
0.5114047527313232
0.29475119709968567
0.6558005213737488
0.2746008336544037
0.5562708973884583
0.33290326595306396
0.5360692739486694
0.26453495025634766
0.34634003043174744
0.6359847187995911
0.3268043100833893
0.6196247339248657
0.40903422236442566
0.3484131395816803
0.21375097334384918
0.40729135274887085
