2.640000104904175
28.377290725708008
20.92252540588379
71.95687103271484
69.701171875
34.82151794433594
47.464420318603516
28.73588752746582
22.561126708984375
60.131065368652344
35.662742614746094
13.244915962219238
36.583335876464844
19.277973175048828
18.794382095336914
49.08749771118164
21.364648818969727
17.086179733276367
77.69062042236328
31.771728515625
18.03277015686035
29.605426788330078
15.20239543914795
14.885112762451172
29.665552139282227
9.611652374267578
12.449861526489258
31.5466365814209
8.173722267150879
13.638510704040527
36.00709533691406
13.85217571258545
11.860506057739258
35.0623893737793
16.357717514038086
13.13820743560791
33.503761291503906
10.11386775970459
13.551609992980957
34.70604705810547
11.637535095214844
15.197129249572754
18.986351013183594
23.978872299194336
14.49488639831543
21.72344207763672
14.147109031677246
15.77820110321045
50.719818115234375
12.923972129821777
16.431371688842773
17.957529067993164
11.80038833618164
