2.640000104904175
63.984107971191406
63.984107971191406
25.373558044433594
23.86069107055664
36.53349304199219
32.9241943359375
30.904645919799805
35.540245056152344
41.02641296386719
73.07183074951172
474.5100402832031
474.5100402832031
200.5404052734375
225.33749389648438
333.78192138671875
277.3900451660156
156.64266967773438
494.5321350097656
206.7718505859375
129.43780517578125
470.3263244628906
245.786376953125
131.62042236328125
402.7169494628906
402.7169494628906
120.6626968383789
88.88540649414062
233.64129638671875
111.89862060546875
104.92395782470703
191.88265991210938
62.26688003540039
63.55974197387695
159.20626831054688
56.40972900390625
60.26466751098633
139.08883666992188
104.78825378417969
44.94676208496094
93.44727325439453
50.13481903076172
34.02119445800781
50.08151626586914
50.08151626586914
31.034473419189453
18.23566246032715
139.123779296875
34.804561614990234
22.285490036010742
126.23760986328125
45.18584442138672
18.4543399810791
18.777456283569336
