2.640000104904175
14.65184497833252
30.048551559448242
20.902219772338867
26.7654972076416
7.915772438049316
7.147325038909912
6.917596817016602
2.588435173034668
4.318599700927734
5.224152565002441
5.431260585784912
5.1925458908081055
4.839841842651367
3.838972568511963
4.0999884605407715
4.434159278869629
3.2218387126922607
6.708376407623291
4.305687427520752
8.043014526367188
7.6685028076171875
5.363669395446777
5.646753311157227
5.681053161621094
6.383504867553711
2.0521116256713867
11.942391395568848
