1.6079624891281128
2.262199878692627
1.7438634634017944
1.304494857788086
0.7684259414672852
1.1429383754730225
0.7319105863571167
1.08636474609375
0.7744928598403931
1.193120002746582
0.40967097878456116
1.5212376117706299
0.7694171667098999
0.9290539622306824
0.5588639378547668
0.5804033875465393
0.5175622701644897
0.6008518934249878
0.8510836958885193
0.385303258895874
0.6730346083641052
0.3938082456588745
0.6978315114974976
0.6608464121818542
0.4980315864086151
0.7556048035621643
0.38623571395874023
0.6502801179885864
0.42075276374816895
0.4727335274219513
0.7396420836448669
0.7685372233390808
0.6169343590736389
0.35379838943481445
0.6720545291900635
0.2901100218296051
0.47705352306365967
0.5387164950370789
0.30551427602767944
0.693193793296814
0.28999757766723633
0.5839823484420776
0.3515307605266571
0.5696994066238403
0.29287105798721313
0.3641788065433502
0.673658013343811
0.3383731245994568
0.6593198180198669
0.43181177973747253
0.3507557511329651
0.2260112464427948
0.4257362186908722
