2.640000104904175
27.21381187438965
19.246427536010742
81.74337768554688
82.3200912475586
47.64308166503906
51.320587158203125
31.567415237426758
28.5767822265625
67.02767944335938
36.191162109375
15.799365043640137
40.47838592529297
20.823341369628906
16.067581176757812
56.040977478027344
17.987791061401367
21.39529800415039
88.21343994140625
29.69036293029785
20.63247299194336
32.96160888671875
15.712675094604492
15.186787605285645
34.148681640625
9.887824058532715
14.787565231323242
33.9433708190918
8.896190643310547
13.887053489685059
35.836917877197266
15.035842895507812
12.944236755371094
33.84565353393555
17.8953800201416
13.297723770141602
32.774566650390625
10.71750545501709
17.20609474182129
37.49457931518555
12.170245170593262
17.21764373779297
21.116159439086914
28.712114334106445
18.586721420288086
29.535598754882812
16.609853744506836
17.448007583618164
32.930606842041016
12.158685684204102
18.74945068359375
18.831239700317383
11.891181945800781
