2.640000104904175
63.38368606567383
63.38368606567383
26.156286239624023
24.508846282958984
42.38633346557617
40.29924011230469
32.69967269897461
67.3299331665039
99.09317779541016
108.7892837524414
569.7166748046875
569.7166748046875
223.9866943359375
276.81048583984375
378.2533874511719
359.7450256347656
188.6543731689453
621.228759765625
271.6123046875
370.2986145019531
664.3543090820312
369.98480224609375
246.43930053710938
588.4183959960938
588.4183959960938
221.59149169921875
314.6327819824219
382.16741943359375
170.5156707763672
132.42320251464844
316.11322021484375
114.60523223876953
91.27159118652344
285.82940673828125
133.37168884277344
80.30199432373047
421.4736633300781
108.0838394165039
61.23799514770508
407.45111083984375
124.59353637695312
64.07763671875
284.6217956542969
284.6217956542969
34.24560546875
19.506938934326172
234.9359588623047
63.449729919433594
50.62714767456055
149.61111450195312
83.2781753540039
27.45953941345215
19.871232986450195
