1.5755021572113037
2.2304723262786865
1.699865698814392
1.2832249402999878
0.7585068345069885
1.1229325532913208
0.7078583836555481
1.061611294746399
0.7629278302192688
1.174173355102539
0.4022088050842285
1.4935307502746582
0.7547608017921448
0.9237179756164551
0.5646181702613831
0.5662966370582581
0.5121833682060242
0.6034247279167175
0.8325400948524475
0.3825835585594177
0.6611012816429138
0.38836434483528137
0.6847162246704102
0.6468461155891418
0.49118828773498535
0.744213342666626
0.3823603689670563
0.6394568681716919
0.41422662138938904
0.4711091220378876
0.7251453995704651
0.7512691617012024
0.6052784323692322
0.34771403670310974
0.6659126281738281
0.28665393590927124
0.4737119674682617
0.5294173359870911
0.29620540142059326
0.679497241973877
0.28334468603134155
0.5742843747138977
0.34506508708000183
0.5578027963638306
0.28705745935440063
0.35926708579063416
0.6614124178886414
0.33220669627189636
0.6442745923995972
0.4280935227870941
0.35426461696624756
0.22228559851646423
0.4216669797897339
