2.640000104904175
28.036569595336914
18.775270462036133
78.39293670654297
76.71281433105469
46.734500885009766
50.69767761230469
28.243141174316406
25.659156799316406
60.458580017089844
33.89381408691406
14.045005798339844
38.85106658935547
19.858156204223633
18.05243492126465
48.83043670654297
19.860456466674805
18.698047637939453
80.07200622558594
30.03004264831543
18.658132553100586
29.22829818725586
14.595796585083008
12.693354606628418
31.977916717529297
9.640737533569336
12.370816230773926
33.34096145629883
8.323995590209961
12.078958511352539
35.666141510009766
14.168789863586426
12.10394287109375
33.392513275146484
17.411182403564453
12.072816848754883
32.223976135253906
10.51902961730957
13.619163513183594
33.257080078125
11.600557327270508
16.667818069458008
21.854352951049805
28.371559143066406
14.905279159545898
24.443531036376953
16.90264320373535
16.319393157958984
29.77918243408203
11.9594087600708
16.05538558959961
16.88189125061035
12.18240737915039
