2.640000104904175
69.52828979492188
69.52828979492188
27.835432052612305
24.464672088623047
34.88069152832031
32.489192962646484
30.64340591430664
33.97018051147461
51.87600326538086
81.48151397705078
570.7841186523438
570.7841186523438
228.8688507080078
274.4501647949219
410.5462341308594
342.0535583496094
206.7772216796875
597.26904296875
259.0481262207031
269.3389892578125
644.220458984375
332.7391662597656
219.14141845703125
564.244140625
564.244140625
208.261474609375
220.31436157226562
306.033447265625
142.2511749267578
143.15330505371094
265.33489990234375
94.96936798095703
88.77706146240234
220.51417541503906
73.50748443603516
82.53346252441406
194.62393188476562
106.16913604736328
49.296871185302734
124.75599670410156
69.08607482910156
55.88616943359375
70.68714141845703
70.68714141845703
36.76030349731445
20.546215057373047
147.30950927734375
41.550296783447266
21.58514976501465
130.85287475585938
46.68262481689453
19.690624237060547
16.280841827392578
