2.7537312507629395
5.917684078216553
10.04549789428711
8.252275466918945
7.9321160316467285
4.437595844268799
7.5731892585754395
4.2505693435668945
4.2302751541137695
3.154195785522461
4.045675754547119
2.4651682376861572
4.186482906341553
1.8590505123138428
3.764575242996216
1.315502643585205
3.7619714736938477
1.5117257833480835
3.29736590385437
1.4269973039627075
2.336732864379883
1.0752289295196533
1.8719114065170288
0.8522747159004211
1.4602469205856323
0.8180204033851624
2.372091770172119
4.050095558166504
