2.640000104904175
3.0165390968322754
8.079654693603516
10.934431076049805
13.16812801361084
4.765477180480957
5.474634170532227
4.1363983154296875
3.322869300842285
3.0111100673675537
4.367635250091553
2.7206525802612305
5.651697635650635
2.374821186065674
2.945751905441284
2.100672483444214
3.683134078979492
1.7409725189208984
4.5428266525268555
2.2600841522216797
8.3240385055542
3.4659481048583984
15.100662231445312
3.9241390228271484
8.5795259475708
2.5432708263397217
2.2897119522094727
9.842595100402832
