2.640000104904175
57.99728012084961
57.99728012084961
23.25727653503418
24.9588565826416
30.71686553955078
26.792966842651367
24.499919891357422
30.13884925842285
20.830049514770508
47.1965446472168
134.4133758544922
134.4133758544922
49.69105529785156
60.409603118896484
94.90020751953125
98.17986297607422
45.542694091796875
185.06820678710938
89.73278045654297
41.046913146972656
187.2361602783203
89.63182830810547
39.747413635253906
165.22987365722656
165.22987365722656
52.21065139770508
20.528589248657227
102.39417266845703
49.58089065551758
52.53425216674805
70.31927490234375
27.813312530517578
29.843036651611328
56.66474914550781
44.749916076660156
51.64203643798828
77.54873657226562
69.78943634033203
39.306739807128906
60.306888580322266
24.01847267150879
24.8436279296875
51.99768829345703
51.99768829345703
27.33763885498047
19.388721466064453
107.33959197998047
39.03113555908203
21.721790313720703
87.74811553955078
36.78276824951172
19.223039627075195
10.81326675415039
